STT,Ma_cty,Ngay,Gia_tham_chieu,Len_xuong,Phan_tram,Dong_cua,Khoi_luong,Mo_cua,Cao_nhat,Thap_nhat,Giao_dich_thoa_thuan,Nuoc_ngoai_mua,Nuoc_ngoai_ban
#1,PAN,31-03-2021,28,0.30,1.07%,28.30,"889,500",28,28.95,27.80,0,"17,100","6,200"
#2,PAN,30-03-2021,28,0,0%,28,"634,700",28,28.50,27.80,0,"2,000",0
#3,PAN,29-03-2021,27.50,0.50,1.82%,28,"894,700",27.50,28,27.20,0,0,"116,700"
#4,PAN,26-03-2021,27.85,-0.35,-1.26%,27.50,"840,000",27.80,28,26,"1,000,000",0,"17,900"
#5,PAN,25-03-2021,27.80,0.05,0.18%,27.85,"823,400",27.60,28.40,27.50,"450,000",700,"139,200"
#6,PAN,24-03-2021,28.75,-0.95,-3.30%,27.80,"1,253,700",28,28.75,27,0,"6,500","124,300"
#7,PAN,23-03-2021,29.75,-1,-3.36%,28.75,"1,595,500",29.40,29.60,28.50,"800,000","9,200","27,500"
#8,PAN,22-03-2021,30.20,-0.45,-1.49%,29.75,"1,247,700",29.75,30.50,29.30,0,400,"153,900"
#9,PAN,19-03-2021,29.90,0.30,1.00%,30.20,"1,568,300",29.90,30.90,29.60,0,"51,700","32,200"
#10,PAN,18-03-2021,27.95,1.95,6.98%,29.90,"3,730,500",28.40,29.90,28.10,"1,200,000","53,600","46,500"
#11,PAN,17-03-2021,0,0.45,1.64%,27.95,"966,100",27.60,28.10,27.50,"5,025,875","8,800","12,600"
#12,PAN,16-03-2021,27.55,-0.05,-0.18%,27.50,"800,200",27.55,27.70,26.80,"700,000","8,800","12,600"
#13,PAN,15-03-2021,27.50,0.05,0.18%,27.55,"655,700",27.60,28.10,27,"500,000","2,500","11,200"
#14,PAN,12-03-2021,28.15,-0.65,-2.31%,27.50,"1,028,300",28.10,28.20,27.40,0,"26,700","38,100"
#15,PAN,11-03-2021,27.90,0.25,0.90%,28.15,"1,133,500",28.40,28.80,27.95,0,"1,400","84,700"
#16,PAN,10-03-2021,27.40,0.50,1.82%,27.90,"1,279,700",27.50,28.20,27.50,0,"17,000",0
#17,PAN,09-03-2021,26.35,1.05,3.98%,27.40,"1,318,900",26.35,27.80,26,0,"34,100","7,800"
#18,PAN,08-03-2021,26.25,0.10,0.38%,26.35,"706,100",26.70,27,26,0,"1,900","8,500"
#19,PAN,05-03-2021,26.80,-0.55,-2.05%,26.25,"831,200",26.50,26.75,25.70,0,"3,900","43,300"
#20,PAN,04-03-2021,27.60,-0.80,-2.90%,26.80,"644,200",27.60,28,25.70,0,"2,500","50,500"
#21,PAN,03-03-2021,27.60,0,0%,27.60,"615,400",27.60,28.15,27.30,0,100,"86,700"
#22,PAN,02-03-2021,28.10,-0.50,-1.78%,27.60,"567,600",28.30,28.45,27.40,"20,000","1,300","54,100"
#23,PAN,01-03-2021,27,1.10,4.07%,28.10,"840,600",27.40,28.30,27,0,"25,100","104,600"
#24,PAN,26-02-2021,27,0,0%,27,"677,200",26.35,27.30,26.30,0,"13,500","51,200"
#25,PAN,25-02-2021,27.30,-0.30,-1.10%,27,"871,900",27.30,27.50,26.50,0,"16,000","44,000"
#26,PAN,24-02-2021,28.30,-1,-3.53%,27.30,"1,461,200",28.30,28.30,26.50,0,"3,400","83,900"
#27,PAN,23-02-2021,28.70,-0.40,-1.39%,28.30,"851,300",28.80,28.80,27.80,0,"1,300","63,100"
#28,PAN,22-02-2021,28.70,0,0%,28.70,"1,167,600",28.70,29.90,28.50,0,"2,000","77,700"
#29,PAN,19-02-2021,26.85,1.85,6.89%,28.70,"2,077,700",26.85,28.70,26.35,"30,000",0,"1,840"
#30,PAN,18-02-2021,26.35,0.50,1.90%,26.85,"919,600",26.35,27.60,26.05,0,"1,890",0
#31,PAN,17-02-2021,25.50,0.85,3.33%,26.35,"778,900",26.35,26.35,25.50,0,"18,900",0
#32,PAN,09-02-2021,24.60,0.90,3.66%,25.50,"693,200",25.50,25.50,24.50,0,410,"3,010"
#33,PAN,08-02-2021,26.30,-1.70,-6.46%,24.60,"968,700",26.30,26.30,24.50,0,"4,100","30,100"
#34,PAN,05-02-2021,26,0.30,1.15%,26.30,"550,800",26,26.30,25.50,0,0,"36,500"
#35,PAN,04-02-2021,25.55,0.45,1.76%,26,"1,003,400",25.80,26.80,25.10,0,"1,100","100,200"
#36,PAN,03-02-2021,23.90,1.65,6.90%,25.55,"1,175,700",24.40,25.55,24,0,"1,000","52,400"
#37,PAN,02-02-2021,23.26,0.64,2.74%,23.90,"1,012,000",23.02,24.10,22.43,0,"76,000","2,000"
#38,PAN,01-02-2021,24.98,-1.71,-6.86%,23.26,"1,314,600",24.49,25.03,23.26,0,"64,100","1,500"
#39,PAN,29-01-2021,25.03,-0.05,-0.20%,24.98,"1,619,600",23.31,25.52,23.31,0,"88,800","3,200"
#40,PAN,28-01-2021,26.89,-1.86,-6.92%,25.03,"591,000",25.03,25.03,25.03,0,"4,500",0
#41,PAN,27-01-2021,28.90,-2.01,-6.95%,26.89,"1,130,400",28.01,29.29,26.89,"50,000","77,700",0
#42,PAN,26-01-2021,30.37,-1.47,-4.84%,28.90,"917,200",30.37,30.37,28.26,0,"15,600","16,400"
#43,PAN,25-01-2021,30.76,-0.39,-1.27%,30.37,"823,500",30.37,31.05,29.48,0,"58,800","9,600"
#44,PAN,22-01-2021,30.86,-0.10,-0.32%,30.76,"1,059,200",31.34,31.54,30.37,0,"81,500","52,200"
#45,PAN,21-01-2021,30.37,0.49,1.61%,30.86,"1,842,500",30.86,32.13,30.56,0,"179,000","133,200"
#46,PAN,20-01-2021,31.10,-0.73,-2.36%,30.37,"2,242,100",31.15,31.15,28.95,0,"179,000","133,200"
#47,PAN,19-01-2021,33.40,-2.30,-6.89%,31.10,"1,628,500",33.30,33.30,31.10,"20,000",0,"50,600"
#48,PAN,18-01-2021,34.58,-1.18,-3.40%,33.40,"1,636,000",34.58,34.58,32.81,0,0,"81,800"
#49,PAN,15-01-2021,35.02,-0.44,-1.26%,34.58,"1,131,800",35.85,35.85,34.53,0,"15,500","45,100"
